tinymt32 0x8f7011ee 0xfc78ff1f 0x3793fdff seed array = [1, 2, 3, 4]
status: 3856455312 1302491942 4282194894 3726007899
mat1 2406486510 mat2 4235788063 tmat 932445695
2232995230
status: 1302491942 4282194894 520829576 3369710590
2465444613
status: 4282194894 2423991142 750161343 1510579361
2487097978
status: 2423991142 750161343 910616377 857511368
776378178
status: 750161343 910616377 602534432 890182924
1403555842
status: 910616377 602534432 3284347370 1688353376
146953611
status: 602534432 1286813700 2605035018 742875717
1551785953
status: 1286813700 339066852 4121233261 642088725
3768622194
status: 339066852 4121233261 4200636823 3254993160
2032044206
status: 4121233261 4200636823 1731892002 2400373422
177574125
status: 4200636823 3897197260 2931811703 4053463441
