tinymt32 0x8f7011ee 0xfc78ff1f 0x3793fdff seed = 1
status: 214574296 297425621 4074426437 3646805938
mat1 2406486510 mat2 4235788063 tmat 932445695
2545341989
status: 297425621 2108342699 4290625991 2232209075
981918433
status: 2108342699 1892536361 3180827860 1937589793
3715302833
status: 1892536361 854033722 1690459365 2614258379
2387538352
status: 854033722 1690459365 1714342426 3171108276
3591001365
status: 1690459365 3915308020 3542699856 3013595937
3820442102
status: 3915308020 3542699856 3663171779 160326258
2114400566
status: 3542699856 3663171779 85951657 2905169890
2196103051
status: 3663171779 2322568519 279864913 1864244573
2783359912
status: 2322568519 279864913 4016346239 422295436
764534509
status: 279864913 1611957649 2776666788 189908465
643179475
status: 1611957649 720405322 1575286963 1907864741
1822416315
status: 720405322 3532974429 1892204967 1886219343
881558334
status: 3532974429 1892204967 560930000 3517851320
4207026366
status: 1892204967 560930000 3035837566 3157027226
3690273640
status: 560930000 3035837566 845417243 3452397132
3240535687
status: 3035837566 3172211445 2796965824 1127002549
2921447122
status: 3172211445 2796965824 1423535069 323570354
3984931427
status: 2796965824 3685317171 793178151 1264626899
4092394160
status: 3685317171 793178151 2621003388 406500550
44209675
status: 793178151 323569554 3073109927 761039389
2188315343
status: 323569554 945552969 428376873 2795382565
2908663843
status: 945552969 2532872903 1446523913 2726263713
1834519336
status: 2532872903 1446523913 3172075913 4209848312
3774670961
status: 1446523913 845289575 1260927702 2179746253
3019990707
status: 845289575 3294112568 3165997271 2961987299
4065554902
status: 3294112568 3165997271 2958402712 928772362
1239765502
status: 3165997271 2958402712 617157017 4114563094
4035716197
status: 2958402712 2881028215 1872455013 2010834535
3412127188
status: 2881028215 1872455013 2747755166 1353701322
552822483
status: 1872455013 750222192 2296710027 1356278971
161364450
status: 750222192 2296710027 3257546402 619158596
353727785
status: 2296710027 1297753932 619846132 2619113613
140085994
status: 1297753932 619846132 3049865045 1908770718
149132008
status: 619846132 3049865045 1975163447 763643494
2547770827
status: 3049865045 4207578073 3279521445 381985007
4064042525
status: 4207578073 1275696971 1248666980 153659107
4078297538
status: 1275696971 1248666980 3205261850 2286862216
2057335507
status: 1248666980 813464564 1977736000 131106835
622384752
status: 813464564 1977736000 3038258800 338248298
2041665899
status: 1977736000 979908510 542521427 263415827
2193913817
status: 979908510 2938513853 1721677448 3087704461
1080849512
status: 2938513853 1721677448 3964871165 4034791606
33160901
status: 1721677448 1663250451 3850037319 1719521205
662956935
status: 1663250451 1779104169 4150091899 1946852107
642999063
status: 1779104169 2016244117 3059102044 1284648141
3384709977
status: 2016244117 958800050 925767871 2252992779
1723175122
status: 958800050 925767871 2435007144 1594020646
3866752252
status: 925767871 2435007144 1504241647 3523097946
521822317
status: 2435007144 3604542977 1127335191 3119507967
2292524454
status: 3604542977 1127335191 2539756226 1749454786
2554388431
status: 1127335191 403802924 2334685539 3690738271
3919761922
status: 403802924 2334685539 433207784 3323622040
2984019591
status: 2334685539 2527209478 3474479094 975902525
1885567152
status: 2527209478 3474479094 3588903861 3498612502
1673658720
status: 3474479094 3588903861 3864083663 2889656402
2651182511
status: 3588903861 1763781921 1732905611 2143794671
3306657681
status: 1763781921 3896122213 2402780990 2896687929
909221937
status: 3896122213 4691664 3916005521 3900823851
684822786
status: 4691664 3916005521 2008506220 536683218
1522786736
status: 3916005521 2008506220 34138999 3014158540
2405507378
status: 2008506220 34138999 1031703966 3473277236
1937983881
status: 34138999 2987302000 1008152976 1908820769
1482169516
status: 2987302000 1008152976 3467111353 3709248776
4178854305
status: 1008152976 1104673367 3243223540 4066327911
208993333
status: 1104673367 1312798746 3187629386 1323369857
3331261356
status: 1312798746 3187629386 1956643081 3215500872
3763091809
status: 3187629386 4224717031 46125044 1776146823
3960056579
status: 4224717031 2379210266 3137848820 277001135
1103076587
status: 2379210266 880268314 2223861252 3488348003
1517817904
status: 880268314 2223861252 3252474892 1866571998
2027272493
status: 2223861252 1319945698 1075335465 3414934151
4288375315
status: 1319945698 3479716039 4068516942 2953063573
2918101968
status: 3479716039 4068516942 3165252541 2110413154
2988616367
status: 4068516942 869923411 1311363651 1089234063
1921035354
status: 869923411 1311363651 1050229986 1896596010
4105268863
status: 1311363651 2984848652 3988481545 2352291369
1317828195
status: 2984848652 1657501671 1176471765 4238555895
3918550276
status: 1657501671 1176471765 3959508546 3182744014
3397886683
status: 1176471765 1668374444 3836528783 3121638073
4143227599
status: 1668374444 1809635681 3351323397 2774433791
4257789512
status: 1809635681 3351323397 1124896344 2789518936
1004753582
status: 3351323397 1124896344 1688689732 3293930800
1168941243
status: 1124896344 3956755882 1607852084 113296515
4028344166
status: 3956755882 1607852084 3524805706 481477256
1489679262
status: 1607852084 3524805706 944372348 952408496
681878218
status: 3524805706 944372348 1985042950 4197070702
2898758405
status: 944372348 4179708904 544995151 2738749577
529944940
status: 4179708904 544995151 1880836973 3516189600
3582614078
status: 544995151 1880836973 152739934 3265050158
953995809
status: 1880836973 2255139248 1691365275 1214040509
1575179133
status: 2255139248 3953147509 147858645 3683701417
1162490265
status: 3953147509 2275423547 239875631 2574730957
1962685354
status: 2275423547 239875631 1146906531 4078477832
1700768287
status: 239875631 3408688717 1003685574 1547984597
2373844329
status: 3408688717 3030587176 826570995 1907604051
2936458386
status: 3030587176 826570995 2389322426 439832000
2381852499
status: 826570995 18496340 2357017788 2344297603
189647353
status: 18496340 51195218 885178930 167983087
1472838906
status: 51195218 885178930 2822728796 1417465924
3698288610
status: 885178930 2822728796 3974434116 3729997090
